  100.0000
   99.0000
   97.5000
   95.0000
   90.0000
   85.0000
   80.0000
   75.0000
   70.0000
   65.0000
   60.0000
   55.0000
   50.0000
   45.0000
   40.0000
   35.0000
   30.0000
   25.0000
   20.0000
   15.0000
   10.0000
    7.5000
    5.0000
    3.0000
    2.0000
    1.0000
    0.5000
    0.2500
    0.1000
    0.0000
    0.1000
    0.2500
    0.5000
    1.0000
    2.0000
    3.0000
    5.0000
    7.5000
   10.0000
   15.0000
   20.0000
   25.0000
   30.0000
   35.0000
   40.0000
   45.0000
   50.0000
   55.0000
   60.0000
   65.0000
   70.0000
   75.0000
   80.0000
   85.0000
   90.0000
   95.0000
   97.5000
   99.0000
  100.0000